0.0 2
1.0 3
2.0 2
3.0 7
4.0 12
5.0 17
6.0 20
7.0 28
8.0 20
9.0 41
10.0 25
11.0 22
12.0 15
13.0 14
14.0 22
15.0 19
16.0 12
17.0 11
18.0 12
19.0 3
20.0 6
21.0 3
22.0 7
23.0 3
24.0 2
25.0 5
26.0 0
27.0 2
28.0 1
29.0 2
30.0 1
31.0 1
32.0 0
33.0 1
34.0 1
35.0 1
36.0 0
37.0 3
38.0 0
39.0 1
40.0 1
41.0 1
42.0 0
43.0 0
44.0 0
45.0 0
46.0 0
47.0 0
48.0 0
49.0 0
50.0 0
51.0 0
52.0 0
53.0 0
54.0 0
55.0 0
56.0 1
57.0 1
Total Contacts:351
Total Duration: 4331
