0.0 4
1.0 12
2.0 18
3.0 32
4.0 39
5.0 53
6.0 75
7.0 76
8.0 124
9.0 115
10.0 108
11.0 97
12.0 89
13.0 91
14.0 57
15.0 53
16.0 35
17.0 44
18.0 21
19.0 29
20.0 17
21.0 15
22.0 22
23.0 17
24.0 11
25.0 12
26.0 7
27.0 7
28.0 2
29.0 8
30.0 5
31.0 4
32.0 7
33.0 4
34.0 1
35.0 4
36.0 1
37.0 6
38.0 4
39.0 0
40.0 2
41.0 4
42.0 0
43.0 1
44.0 0
45.0 1
46.0 0
47.0 2
48.0 3
49.0 2
50.0 0
51.0 1
52.0 1
53.0 0
54.0 0
55.0 0
56.0 0
57.0 0
58.0 0
59.0 0
60.0 0
61.0 1
62.0 1
63.0 1
64.0 0
65.0 0
66.0 0
67.0 0
68.0 1
69.0 0
70.0 0
71.0 0
72.0 0
73.0 0
74.0 0
75.0 0
76.0 0
77.0 0
78.0 0
79.0 0
80.0 0
81.0 0
82.0 0
83.0 0
84.0 0
85.0 0
86.0 0
87.0 0
88.0 0
89.0 0
90.0 0
91.0 0
92.0 0
93.0 0
94.0 0
95.0 0
96.0 0
97.0 0
98.0 0
99.0 0
100.0 0
101.0 0
102.0 0
103.0 0
104.0 0
105.0 0
106.0 0
107.0 0
108.0 0
109.0 0
110.0 0
111.0 0
112.0 0
113.0 0
114.0 0
115.0 1
116.0 0
Total Contacts:1348
Total Duration: 16909
