0.0 1
1.0 5
2.0 8
3.0 11
4.0 20
5.0 36
6.0 28
7.0 30
8.0 65
9.0 52
10.0 42
11.0 42
12.0 38
13.0 44
14.0 30
15.0 24
16.0 13
17.0 23
18.0 13
19.0 18
20.0 8
21.0 7
22.0 11
23.0 7
24.0 6
25.0 8
26.0 4
27.0 3
28.0 1
29.0 6
30.0 2
31.0 1
32.0 2
33.0 3
34.0 1
35.0 0
36.0 1
37.0 4
38.0 1
39.0 0
40.0 0
41.0 1
42.0 0
43.0 1
44.0 0
45.0 0
46.0 0
47.0 0
48.0 1
49.0 1
50.0 0
51.0 0
52.0 1
53.0 0
54.0 0
55.0 0
56.0 0
57.0 0
58.0 0
59.0 0
60.0 0
61.0 1
62.0 0
63.0 1
64.0 0
65.0 0
66.0 0
67.0 0
68.0 1
69.0 0
Total Contacts:627
Total Duration: 7921
