0.0 3
1.0 8
2.0 15
3.0 18
4.0 25
5.0 43
6.0 48
7.0 49
8.0 93
9.0 76
10.0 69
11.0 63
12.0 54
13.0 60
14.0 41
15.0 36
16.0 20
17.0 30
18.0 17
19.0 22
20.0 12
21.0 9
22.0 14
23.0 9
24.0 6
25.0 10
26.0 6
27.0 4
28.0 1
29.0 7
30.0 3
31.0 1
32.0 4
33.0 4
34.0 1
35.0 2
36.0 1
37.0 5
38.0 1
39.0 0
40.0 2
41.0 3
42.0 0
43.0 1
44.0 0
45.0 1
46.0 0
47.0 2
48.0 2
49.0 1
50.0 0
51.0 0
52.0 1
53.0 0
54.0 0
55.0 0
56.0 0
57.0 0
58.0 0
59.0 0
60.0 0
61.0 1
62.0 1
63.0 1
64.0 0
65.0 0
66.0 0
67.0 0
68.0 1
69.0 0
Total Contacts:907
Total Duration: 11358
