0.0 2
1.0 8
2.0 12
3.0 25
4.0 23
5.0 39
6.0 50
7.0 61
8.0 68
9.0 73
10.0 74
11.0 57
12.0 62
13.0 46
14.0 52
15.0 41
16.0 22
17.0 24
18.0 15
19.0 22
20.0 17
21.0 10
22.0 8
23.0 9
24.0 9
25.0 4
26.0 8
27.0 4
28.0 7
29.0 3
30.0 4
31.0 3
32.0 7
33.0 1
34.0 1
35.0 2
36.0 0
37.0 4
38.0 2
39.0 0
40.0 2
41.0 0
42.0 0
43.0 1
44.0 2
45.0 1
46.0 1
47.0 1
48.0 1
49.0 0
50.0 0
51.0 0
52.0 0
53.0 2
54.0 0
55.0 0
56.0 0
57.0 0
58.0 0
59.0 2
60.0 2
61.0 0
62.0 0
63.0 1
64.0 0
65.0 0
66.0 0
67.0 0
68.0 0
69.0 0
70.0 0
71.0 0
72.0 0
73.0 0
74.0 0
75.0 0
76.0 0
77.0 1
78.0 0
Total Contacts:896
Total Duration: 11349
