0.0 4
1.0 16
2.0 28
3.0 40
4.0 53
5.0 66
6.0 97
7.0 116
8.0 141
9.0 135
10.0 144
11.0 120
12.0 110
13.0 96
14.0 96
15.0 66
16.0 52
17.0 50
18.0 32
19.0 42
20.0 28
21.0 25
22.0 16
23.0 16
24.0 19
25.0 8
26.0 14
27.0 7
28.0 11
29.0 4
30.0 9
31.0 7
32.0 11
33.0 6
34.0 3
35.0 2
36.0 6
37.0 7
38.0 3
39.0 0
40.0 3
41.0 2
42.0 1
43.0 4
44.0 4
45.0 2
46.0 1
47.0 4
48.0 1
49.0 0
50.0 2
51.0 0
52.0 1
53.0 3
54.0 1
55.0 0
56.0 2
57.0 0
58.0 1
59.0 2
60.0 2
61.0 1
62.0 1
63.0 1
64.0 0
65.0 1
66.0 0
67.0 0
68.0 0
69.0 0
70.0 0
71.0 0
72.0 0
73.0 0
74.0 0
75.0 0
76.0 0
77.0 1
78.0 0
79.0 0
80.0 0
81.0 0
82.0 0
83.0 0
84.0 0
85.0 0
86.0 0
87.0 0
88.0 1
89.0 0
Total Contacts:1748
Total Duration: 22578
