0.0 1
1.0 1
2.0 2
3.0 7
4.0 1
5.0 6
6.0 6
7.0 9
8.0 11
9.0 12
10.0 10
11.0 6
12.0 7
13.0 5
14.0 10
15.0 7
16.0 4
17.0 7
18.0 3
19.0 7
20.0 4
21.0 0
22.0 3
23.0 1
24.0 3
25.0 0
26.0 3
27.0 1
28.0 0
29.0 0
30.0 0
31.0 0
32.0 2
33.0 0
34.0 0
35.0 0
36.0 0
37.0 1
38.0 1
39.0 0
40.0 0
41.0 0
42.0 0
43.0 1
44.0 0
45.0 0
46.0 0
47.0 0
48.0 0
49.0 0
50.0 0
51.0 0
52.0 0
53.0 0
54.0 0
55.0 0
56.0 0
57.0 0
58.0 0
59.0 0
60.0 1
61.0 0
Total Contacts:143
Total Duration: 1873
