0.0 2
1.0 3
2.0 2
3.0 8
4.0 14
5.0 18
6.0 21
7.0 32
8.0 22
9.0 48
10.0 29
11.0 24
12.0 15
13.0 19
14.0 25
15.0 21
16.0 12
17.0 12
18.0 12
19.0 3
20.0 6
21.0 3
22.0 7
23.0 3
24.0 2
25.0 5
26.0 1
27.0 2
28.0 1
29.0 2
30.0 2
31.0 1
32.0 0
33.0 2
34.0 1
35.0 2
36.0 0
37.0 3
38.0 0
39.0 1
40.0 1
41.0 1
42.0 0
43.0 0
44.0 0
45.0 0
46.0 0
47.0 0
48.0 0
49.0 0
50.0 0
51.0 0
52.0 0
53.0 0
54.0 0
55.0 0
56.0 1
57.0 1
Total Contacts:390
Total Duration: 4800
