0.0 10
1.0 14
2.0 27
3.0 51
4.0 58
5.0 89
6.0 92
7.0 127
8.0 157
9.0 192
10.0 188
11.0 155
12.0 133
13.0 125
14.0 87
15.0 87
16.0 67
17.0 53
18.0 38
19.0 41
20.0 34
21.0 21
22.0 15
23.0 25
24.0 15
25.0 15
26.0 15
27.0 9
28.0 6
29.0 14
30.0 9
31.0 6
32.0 13
33.0 10
34.0 5
35.0 9
36.0 3
37.0 3
38.0 3
39.0 5
40.0 3
41.0 4
42.0 0
43.0 1
44.0 1
45.0 4
46.0 1
47.0 2
48.0 4
49.0 2
50.0 2
51.0 1
52.0 1
53.0 0
54.0 2
55.0 2
56.0 1
57.0 0
58.0 0
59.0 0
60.0 0
61.0 0
62.0 1
63.0 0
64.0 1
65.0 1
66.0 0
67.0 0
68.0 2
69.0 1
70.0 1
71.0 0
72.0 0
73.0 0
74.0 2
75.0 0
76.0 0
77.0 0
78.0 0
79.0 0
80.0 0
81.0 1
82.0 1
83.0 1
84.0 0
85.0 0
86.0 0
87.0 0
88.0 0
89.0 0
90.0 0
91.0 0
92.0 0
93.0 0
94.0 0
95.0 0
96.0 0
97.0 0
98.0 0
99.0 0
100.0 0
101.0 0
102.0 0
103.0 0
104.0 0
105.0 0
106.0 0
107.0 0
108.0 0
109.0 0
110.0 0
111.0 0
112.0 0
113.0 0
114.0 0
115.0 0
116.0 0
117.0 1
118.0 0
Total Contacts:2070
Total Duration: 26706
