0.0 1
1.0 4
2.0 4
3.0 9
4.0 19
5.0 28
6.0 25
7.0 25
8.0 48
9.0 42
10.0 38
11.0 37
12.0 35
13.0 36
14.0 24
15.0 18
16.0 12
17.0 15
18.0 12
19.0 14
20.0 7
21.0 4
22.0 9
23.0 7
24.0 4
25.0 5
26.0 3
27.0 3
28.0 1
29.0 6
30.0 1
31.0 0
32.0 2
33.0 3
34.0 1
35.0 0
36.0 1
37.0 2
38.0 1
39.0 0
40.0 0
41.0 0
42.0 0
43.0 1
44.0 0
45.0 0
46.0 0
47.0 0
48.0 1
49.0 1
50.0 0
51.0 0
52.0 0
53.0 0
54.0 0
55.0 0
56.0 0
57.0 0
58.0 0
59.0 0
60.0 0
61.0 0
62.0 0
63.0 1
64.0 0
65.0 0
66.0 0
67.0 0
68.0 1
69.0 0
Total Contacts:511
Total Duration: 6363
