0.0 1
1.0 2
2.0 6
3.0 10
4.0 10
5.0 10
6.0 22
7.0 25
8.0 32
9.0 38
10.0 22
11.0 25
12.0 20
13.0 10
14.0 19
15.0 16
16.0 10
17.0 12
18.0 6
19.0 9
20.0 6
21.0 2
22.0 5
23.0 2
24.0 4
25.0 1
26.0 5
27.0 1
28.0 2
29.0 1
30.0 1
31.0 0
32.0 2
33.0 1
34.0 1
35.0 0
36.0 0
37.0 1
38.0 2
39.0 0
40.0 0
41.0 0
42.0 0
43.0 1
44.0 0
45.0 0
46.0 0
47.0 0
48.0 0
49.0 0
50.0 0
51.0 0
52.0 0
53.0 0
54.0 0
55.0 0
56.0 0
57.0 0
58.0 0
59.0 0
60.0 1
61.0 0
62.0 0
63.0 0
64.0 0
65.0 0
66.0 0
67.0 0
68.0 0
69.0 0
70.0 0
71.0 0
72.0 0
73.0 0
74.0 0
75.0 0
76.0 0
77.0 1
78.0 0
Total Contacts:345
Total Duration: 4188
