0.0 1
1.0 4
2.0 3
3.0 4
4.0 16
5.0 17
6.0 16
7.0 20
8.0 30
9.0 30
10.0 30
11.0 25
12.0 20
13.0 20
14.0 18
15.0 9
16.0 8
17.0 9
18.0 7
19.0 6
20.0 6
21.0 3
22.0 5
23.0 3
24.0 3
25.0 2
26.0 2
27.0 2
28.0 0
29.0 5
30.0 1
31.0 0
32.0 2
33.0 2
34.0 0
35.0 0
36.0 0
37.0 1
38.0 0
39.0 0
40.0 0
41.0 0
42.0 0
43.0 1
44.0 0
45.0 0
46.0 0
47.0 0
48.0 0
49.0 0
50.0 0
51.0 0
52.0 0
53.0 0
54.0 0
55.0 0
56.0 0
57.0 0
58.0 0
59.0 0
60.0 0
61.0 0
62.0 0
63.0 0
64.0 0
65.0 0
66.0 0
67.0 0
68.0 1
69.0 0
Total Contacts:332
Total Duration: 3943
