0.0 1
1.0 6
2.0 10
3.0 19
4.0 17
5.0 33
6.0 44
7.0 52
8.0 56
9.0 64
10.0 56
11.0 46
12.0 53
13.0 35
14.0 40
15.0 29
16.0 16
17.0 22
18.0 12
19.0 19
20.0 13
21.0 8
22.0 8
23.0 9
24.0 9
25.0 4
26.0 8
27.0 4
28.0 6
29.0 3
30.0 3
31.0 2
32.0 6
33.0 1
34.0 1
35.0 1
36.0 0
37.0 3
38.0 2
39.0 0
40.0 2
41.0 0
42.0 0
43.0 1
44.0 2
45.0 1
46.0 1
47.0 1
48.0 1
49.0 0
50.0 0
51.0 0
52.0 0
53.0 2
54.0 0
55.0 0
56.0 0
57.0 0
58.0 0
59.0 1
60.0 2
61.0 0
62.0 0
63.0 0
64.0 0
65.0 0
66.0 0
67.0 0
68.0 0
69.0 0
70.0 0
71.0 0
72.0 0
73.0 0
74.0 0
75.0 0
76.0 0
77.0 1
78.0 0
Total Contacts:736
Total Duration: 9417
