0.0 3
1.0 12
2.0 24
3.0 36
4.0 42
5.0 55
6.0 77
7.0 98
8.0 121
9.0 115
10.0 123
11.0 99
12.0 101
13.0 78
14.0 86
15.0 58
16.0 41
17.0 44
18.0 25
19.0 34
20.0 26
21.0 23
22.0 11
23.0 12
24.0 17
25.0 7
26.0 12
27.0 6
28.0 10
29.0 4
30.0 7
31.0 4
32.0 10
33.0 5
34.0 2
35.0 2
36.0 3
37.0 7
38.0 3
39.0 0
40.0 3
41.0 2
42.0 0
43.0 4
44.0 4
45.0 2
46.0 1
47.0 2
48.0 1
49.0 0
50.0 2
51.0 0
52.0 1
53.0 3
54.0 0
55.0 0
56.0 2
57.0 0
58.0 0
59.0 2
60.0 2
61.0 1
62.0 0
63.0 1
64.0 0
65.0 1
66.0 0
67.0 0
68.0 0
69.0 0
70.0 0
71.0 0
72.0 0
73.0 0
74.0 0
75.0 0
76.0 0
77.0 1
78.0 0
79.0 0
80.0 0
81.0 0
82.0 0
83.0 0
84.0 0
85.0 0
86.0 0
87.0 0
88.0 1
89.0 0
Total Contacts:1479
Total Duration: 19136
