0.0 1
1.0 6
2.0 3
3.0 7
4.0 4
5.0 8
6.0 8
7.0 17
8.0 13
9.0 16
10.0 7
11.0 12
12.0 12
13.0 13
14.0 8
15.0 14
16.0 5
17.0 4
18.0 3
19.0 4
20.0 7
21.0 1
22.0 2
23.0 2
24.0 3
25.0 1
26.0 1
27.0 0
28.0 1
29.0 0
30.0 0
31.0 0
32.0 1
33.0 0
34.0 1
35.0 1
36.0 1
37.0 1
38.0 0
39.0 1
40.0 0
41.0 0
42.0 1
43.0 0
44.0 0
45.0 0
46.0 0
47.0 1
48.0 0
49.0 1
50.0 1
51.0 2
52.0 0
53.0 0
54.0 0
55.0 0
56.0 1
57.0 0
Total Contacts:196
Total Duration: 2580
