0.0 2
1.0 3
2.0 2
3.0 3
4.0 8
5.0 15
6.0 16
7.0 22
8.0 15
9.0 33
10.0 22
11.0 18
12.0 11
13.0 12
14.0 20
15.0 16
16.0 9
17.0 9
18.0 11
19.0 2
20.0 4
21.0 3
22.0 4
23.0 3
24.0 0
25.0 5
26.0 0
27.0 2
28.0 0
29.0 2
30.0 1
31.0 0
32.0 0
33.0 1
34.0 1
35.0 1
36.0 0
37.0 3
38.0 0
39.0 1
40.0 1
41.0 1
42.0 0
43.0 0
44.0 0
45.0 0
46.0 0
47.0 0
48.0 0
49.0 0
50.0 0
51.0 0
52.0 0
53.0 0
54.0 0
55.0 0
56.0 1
57.0 0
Total Contacts:283
Total Duration: 3505
