0.0 1
1.0 5
2.0 1
3.0 4
4.0 9
5.0 14
6.0 12
7.0 20
8.0 23
9.0 18
10.0 17
11.0 14
12.0 14
13.0 25
14.0 15
15.0 9
16.0 9
17.0 6
18.0 9
19.0 7
20.0 4
21.0 3
22.0 3
23.0 5
24.0 2
25.0 2
26.0 2
27.0 6
28.0 1
29.0 2
30.0 4
31.0 1
32.0 0
33.0 3
34.0 1
35.0 0
36.0 0
37.0 0
38.0 0
39.0 1
40.0 0
41.0 1
42.0 0
43.0 0
44.0 0
45.0 1
46.0 0
47.0 0
48.0 0
49.0 0
50.0 0
51.0 0
52.0 0
53.0 2
54.0 0
55.0 1
56.0 0
57.0 0
58.0 0
59.0 1
60.0 0
Total Contacts:278
Total Duration: 3737
