0.0 3
1.0 9
2.0 16
3.0 20
4.0 31
5.0 46
6.0 58
7.0 54
8.0 99
9.0 89
10.0 80
11.0 72
12.0 64
13.0 71
14.0 44
15.0 40
16.0 23
17.0 31
18.0 18
19.0 23
20.0 12
21.0 12
22.0 17
23.0 10
24.0 8
25.0 10
26.0 6
27.0 5
28.0 1
29.0 7
30.0 3
31.0 4
32.0 5
33.0 4
34.0 1
35.0 2
36.0 1
37.0 6
38.0 2
39.0 0
40.0 2
41.0 4
42.0 0
43.0 1
44.0 0
45.0 1
46.0 0
47.0 2
48.0 2
49.0 1
50.0 0
51.0 0
52.0 1
53.0 0
54.0 0
55.0 0
56.0 0
57.0 0
58.0 0
59.0 0
60.0 0
61.0 1
62.0 1
63.0 1
64.0 0
65.0 0
66.0 0
67.0 0
68.0 1
69.0 0
Total Contacts:1025
Total Duration: 12810
