0.0 1
1.0 4
2.0 4
3.0 8
4.0 17
5.0 25
6.0 23
7.0 25
8.0 41
9.0 38
10.0 35
11.0 32
12.0 29
13.0 31
14.0 22
15.0 15
16.0 11
17.0 13
18.0 9
19.0 10
20.0 7
21.0 4
22.0 7
23.0 5
24.0 4
25.0 3
26.0 3
27.0 3
28.0 1
29.0 6
30.0 1
31.0 0
32.0 2
33.0 3
34.0 1
35.0 0
36.0 1
37.0 2
38.0 1
39.0 0
40.0 0
41.0 0
42.0 0
43.0 1
44.0 0
45.0 0
46.0 0
47.0 0
48.0 0
49.0 1
50.0 0
51.0 0
52.0 0
53.0 0
54.0 0
55.0 0
56.0 0
57.0 0
58.0 0
59.0 0
60.0 0
61.0 0
62.0 0
63.0 1
64.0 0
65.0 0
66.0 0
67.0 0
68.0 1
69.0 0
Total Contacts:451
Total Duration: 5570
