0.0 1
1.0 1
2.0 1
3.0 2
4.0 5
5.0 8
6.0 12
7.0 16
8.0 10
9.0 21
10.0 17
11.0 14
12.0 5
13.0 6
14.0 14
15.0 12
16.0 7
17.0 7
18.0 6
19.0 2
20.0 2
21.0 2
22.0 2
23.0 2
24.0 0
25.0 4
26.0 0
27.0 2
28.0 0
29.0 2
30.0 1
31.0 0
32.0 0
33.0 1
34.0 0
35.0 1
36.0 0
37.0 3
38.0 0
39.0 1
40.0 1
41.0 1
42.0 0
43.0 0
44.0 0
45.0 0
46.0 0
47.0 0
48.0 0
49.0 0
50.0 0
51.0 0
52.0 0
53.0 0
54.0 0
55.0 0
56.0 1
57.0 0
Total Contacts:193
Total Duration: 2506
