0.0 2
1.0 8
2.0 15
3.0 26
4.0 30
5.0 43
6.0 61
7.0 67
8.0 85
9.0 85
10.0 87
11.0 68
12.0 73
13.0 50
14.0 59
15.0 43
16.0 26
17.0 28
18.0 16
19.0 25
20.0 18
21.0 12
22.0 9
23.0 10
24.0 11
25.0 4
26.0 9
27.0 5
28.0 7
29.0 3
30.0 4
31.0 3
32.0 8
33.0 4
34.0 1
35.0 2
36.0 1
37.0 5
38.0 3
39.0 0
40.0 2
41.0 0
42.0 0
43.0 4
44.0 2
45.0 1
46.0 1
47.0 1
48.0 1
49.0 0
50.0 0
51.0 0
52.0 0
53.0 2
54.0 0
55.0 0
56.0 0
57.0 0
58.0 0
59.0 2
60.0 2
61.0 1
62.0 0
63.0 1
64.0 0
65.0 0
66.0 0
67.0 0
68.0 0
69.0 0
70.0 0
71.0 0
72.0 0
73.0 0
74.0 0
75.0 0
76.0 0
77.0 1
78.0 0
79.0 0
80.0 0
81.0 0
82.0 0
83.0 0
84.0 0
85.0 0
86.0 0
87.0 0
88.0 1
89.0 0
Total Contacts:1038
Total Duration: 13256
