0.0 0
1.0 5
2.0 2
3.0 7
4.0 3
5.0 7
6.0 7
7.0 14
8.0 12
9.0 15
10.0 5
11.0 9
12.0 12
13.0 12
14.0 8
15.0 11
16.0 5
17.0 2
18.0 3
19.0 4
20.0 6
21.0 1
22.0 2
23.0 2
24.0 1
25.0 1
26.0 1
27.0 0
28.0 1
29.0 0
30.0 0
31.0 0
32.0 1
33.0 0
34.0 1
35.0 1
36.0 0
37.0 1
38.0 0
39.0 1
40.0 0
41.0 0
42.0 1
43.0 0
44.0 0
45.0 0
46.0 0
47.0 1
48.0 0
49.0 1
50.0 1
51.0 1
52.0 0
53.0 0
54.0 0
55.0 0
56.0 1
57.0 0
Total Contacts:169
Total Duration: 2224
