0.0 1
1.0 6
2.0 10
3.0 18
4.0 17
5.0 30
6.0 40
7.0 46
8.0 50
9.0 58
10.0 50
11.0 43
12.0 45
13.0 29
14.0 35
15.0 27
16.0 13
17.0 19
18.0 10
19.0 16
20.0 13
21.0 6
22.0 7
23.0 6
24.0 8
25.0 3
26.0 7
27.0 4
28.0 4
29.0 3
30.0 2
31.0 2
32.0 4
33.0 1
34.0 1
35.0 1
36.0 0
37.0 3
38.0 2
39.0 0
40.0 2
41.0 0
42.0 0
43.0 1
44.0 2
45.0 0
46.0 1
47.0 1
48.0 1
49.0 0
50.0 0
51.0 0
52.0 0
53.0 2
54.0 0
55.0 0
56.0 0
57.0 0
58.0 0
59.0 1
60.0 1
61.0 0
62.0 0
63.0 0
64.0 0
65.0 0
66.0 0
67.0 0
68.0 0
69.0 0
70.0 0
71.0 0
72.0 0
73.0 0
74.0 0
75.0 0
76.0 0
77.0 1
78.0 0
Total Contacts:653
Total Duration: 8209
