0.0 1
1.0 4
2.0 4
3.0 5
4.0 16
5.0 23
6.0 17
7.0 24
8.0 36
9.0 35
10.0 35
11.0 29
12.0 25
13.0 23
14.0 21
15.0 12
16.0 9
17.0 12
18.0 8
19.0 9
20.0 7
21.0 4
22.0 6
23.0 4
24.0 3
25.0 3
26.0 3
27.0 3
28.0 0
29.0 6
30.0 1
31.0 0
32.0 2
33.0 3
34.0 1
35.0 0
36.0 0
37.0 1
38.0 0
39.0 0
40.0 0
41.0 0
42.0 0
43.0 1
44.0 0
45.0 0
46.0 0
47.0 0
48.0 0
49.0 0
50.0 0
51.0 0
52.0 0
53.0 0
54.0 0
55.0 0
56.0 0
57.0 0
58.0 0
59.0 0
60.0 0
61.0 0
62.0 0
63.0 0
64.0 0
65.0 0
66.0 0
67.0 0
68.0 1
69.0 0
Total Contacts:397
Total Duration: 4787
