0.0 3
1.0 9
2.0 16
3.0 23
4.0 32
5.0 47
6.0 61
7.0 59
8.0 104
9.0 90
10.0 82
11.0 78
12.0 69
13.0 75
14.0 46
15.0 42
16.0 26
17.0 33
18.0 19
19.0 23
20.0 12
21.0 12
22.0 19
23.0 11
24.0 8
25.0 11
26.0 7
27.0 6
28.0 1
29.0 7
30.0 3
31.0 4
32.0 6
33.0 4
34.0 1
35.0 2
36.0 1
37.0 6
38.0 2
39.0 0
40.0 2
41.0 4
42.0 0
43.0 1
44.0 0
45.0 1
46.0 0
47.0 2
48.0 2
49.0 2
50.0 0
51.0 0
52.0 1
53.0 0
54.0 0
55.0 0
56.0 0
57.0 0
58.0 0
59.0 0
60.0 0
61.0 1
62.0 1
63.0 1
64.0 0
65.0 0
66.0 0
67.0 0
68.0 1
69.0 0
Total Contacts:1079
Total Duration: 13512
