0.0 2
1.0 9
2.0 7
3.0 21
4.0 11
5.0 20
6.0 34
7.0 38
8.0 45
9.0 47
10.0 47
11.0 48
12.0 48
13.0 41
14.0 30
15.0 22
16.0 16
17.0 16
18.0 12
19.0 11
20.0 9
21.0 9
22.0 5
23.0 1
24.0 5
25.0 3
26.0 7
27.0 5
28.0 2
29.0 3
30.0 4
31.0 3
32.0 2
33.0 3
34.0 3
35.0 4
36.0 1
37.0 1
38.0 2
39.0 2
40.0 1
41.0 1
42.0 1
43.0 1
44.0 1
45.0 2
46.0 0
47.0 0
48.0 0
49.0 0
50.0 0
51.0 0
52.0 0
53.0 1
54.0 1
55.0 0
56.0 0
57.0 1
58.0 0
59.0 0
60.0 1
61.0 0
62.0 0
63.0 0
64.0 0
65.0 0
66.0 0
67.0 1
68.0 0
69.0 0
70.0 0
71.0 0
72.0 0
73.0 0
74.0 0
75.0 0
76.0 0
77.0 0
78.0 0
79.0 0
80.0 0
81.0 0
82.0 0
83.0 0
84.0 0
85.0 1
86.0 0
87.0 0
88.0 0
89.0 0
90.0 0
91.0 0
92.0 0
93.0 0
94.0 0
95.0 0
96.0 0
97.0 0
98.0 0
99.0 0
100.0 0
101.0 0
102.0 0
103.0 0
104.0 0
105.0 0
106.0 0
107.0 0
108.0 0
109.0 0
110.0 0
111.0 0
112.0 0
113.0 0
114.0 0
115.0 0
116.0 0
117.0 0
118.0 0
119.0 0
120.0 0
121.0 0
122.0 0
123.0 0
124.0 0
125.0 0
126.0 0
127.0 0
128.0 0
129.0 0
130.0 0
131.0 0
132.0 0
133.0 0
134.0 0
135.0 0
136.0 0
137.0 0
138.0 1
139.0 0
140.0 0
141.0 0
142.0 0
143.0 0
144.0 0
145.0 0
146.0 0
147.0 0
148.0 0
149.0 0
150.0 0
151.0 0
152.0 0
153.0 0
154.0 0
155.0 0
156.0 0
157.0 0
158.0 1
159.0 0
160.0 0
161.0 0
162.0 0
163.0 0
164.0 1
165.0 0
Total Contacts:615
Total Duration: 8431
