0.0 1
1.0 5
2.0 1
3.0 3
4.0 7
5.0 12
6.0 11
7.0 14
8.0 20
9.0 17
10.0 13
11.0 12
12.0 13
13.0 21
14.0 14
15.0 8
16.0 7
17.0 6
18.0 8
19.0 5
20.0 2
21.0 2
22.0 3
23.0 5
24.0 2
25.0 2
26.0 1
27.0 5
28.0 1
29.0 2
30.0 4
31.0 1
32.0 0
33.0 2
34.0 1
35.0 0
36.0 0
37.0 0
38.0 0
39.0 1
40.0 0
41.0 1
42.0 0
43.0 0
44.0 0
45.0 1
46.0 0
47.0 0
48.0 0
49.0 0
50.0 0
51.0 0
52.0 0
53.0 1
54.0 0
55.0 1
56.0 0
57.0 0
58.0 0
59.0 1
60.0 0
Total Contacts:237
Total Duration: 3192
