0.0 1
1.0 8
2.0 15
3.0 18
4.0 32
5.0 49
6.0 39
7.0 59
8.0 70
9.0 100
10.0 91
11.0 74
12.0 49
13.0 57
14.0 41
15.0 47
16.0 28
17.0 19
18.0 18
19.0 17
20.0 17
21.0 8
22.0 8
23.0 7
24.0 5
25.0 5
26.0 4
27.0 3
28.0 2
29.0 7
30.0 4
31.0 2
32.0 5
33.0 2
34.0 1
35.0 5
36.0 1
37.0 2
38.0 2
39.0 4
40.0 1
41.0 2
42.0 0
43.0 1
44.0 1
45.0 1
46.0 0
47.0 2
48.0 4
49.0 1
50.0 1
51.0 1
52.0 1
53.0 0
54.0 1
55.0 2
56.0 0
57.0 0
58.0 0
59.0 0
60.0 0
61.0 0
62.0 1
63.0 0
64.0 0
65.0 0
66.0 0
67.0 0
68.0 1
69.0 0
70.0 1
71.0 0
72.0 0
73.0 0
74.0 2
75.0 0
76.0 0
77.0 0
78.0 0
79.0 0
80.0 0
81.0 0
82.0 1
83.0 0
84.0 0
85.0 0
86.0 0
87.0 0
88.0 0
89.0 0
90.0 0
91.0 0
92.0 0
93.0 0
94.0 0
95.0 0
96.0 0
97.0 0
98.0 0
99.0 0
100.0 0
101.0 0
102.0 0
103.0 0
104.0 0
105.0 0
106.0 0
107.0 0
108.0 0
109.0 0
110.0 0
111.0 0
112.0 0
113.0 0
114.0 0
115.0 0
116.0 0
117.0 1
118.0 0
Total Contacts:952
Total Duration: 12268
