0.0 1
1.0 3
2.0 3
3.0 3
4.0 13
5.0 14
6.0 16
7.0 18
8.0 27
9.0 25
10.0 22
11.0 20
12.0 16
13.0 18
14.0 17
15.0 5
16.0 6
17.0 8
18.0 6
19.0 4
20.0 4
21.0 3
22.0 4
23.0 3
24.0 1
25.0 2
26.0 2
27.0 1
28.0 0
29.0 4
30.0 1
31.0 0
32.0 2
33.0 1
34.0 0
35.0 0
36.0 0
37.0 1
38.0 0
39.0 0
40.0 0
41.0 0
42.0 0
43.0 1
44.0 0
45.0 0
46.0 0
47.0 0
48.0 0
49.0 0
50.0 0
51.0 0
52.0 0
53.0 0
54.0 0
55.0 0
56.0 0
57.0 0
58.0 0
59.0 0
60.0 0
61.0 0
62.0 0
63.0 0
64.0 0
65.0 0
66.0 0
67.0 0
68.0 1
69.0 0
Total Contacts:276
Total Duration: 3242
