0.0 1
1.0 8
2.0 5
3.0 9
4.0 9
5.0 19
6.0 12
7.0 22
8.0 25
9.0 27
10.0 19
11.0 24
12.0 21
13.0 21
14.0 17
15.0 25
16.0 10
17.0 15
18.0 8
19.0 6
20.0 10
21.0 1
22.0 2
23.0 2
24.0 5
25.0 1
26.0 2
27.0 0
28.0 2
29.0 2
30.0 0
31.0 1
32.0 4
33.0 0
34.0 2
35.0 1
36.0 1
37.0 1
38.0 0
39.0 1
40.0 0
41.0 1
42.0 1
43.0 0
44.0 0
45.0 0
46.0 0
47.0 1
48.0 0
49.0 1
50.0 1
51.0 2
52.0 0
53.0 0
54.0 0
55.0 0
56.0 1
57.0 0
58.0 0
59.0 0
60.0 0
61.0 0
62.0 1
63.0 0
64.0 0
65.0 0
66.0 0
67.0 0
68.0 0
69.0 0
70.0 0
71.0 0
72.0 0
73.0 0
74.0 0
75.0 0
76.0 0
77.0 0
78.0 1
79.0 0
80.0 0
81.0 0
82.0 0
83.0 0
84.0 0
85.0 0
86.0 0
87.0 0
88.0 0
89.0 0
90.0 0
91.0 0
92.0 0
93.0 0
94.0 0
95.0 0
96.0 0
97.0 0
98.0 0
99.0 0
100.0 0
101.0 0
102.0 0
103.0 0
104.0 0
105.0 0
106.0 0
107.0 0
108.0 0
109.0 0
110.0 0
111.0 0
112.0 0
113.0 0
114.0 0
115.0 0
116.0 0
117.0 0
118.0 0
119.0 0
120.0 1
121.0 0
Total Contacts:352
Total Duration: 4753
