0.0 1
1.0 5
2.0 5
3.0 10
4.0 20
5.0 32
6.0 26
7.0 25
8.0 54
9.0 48
10.0 39
11.0 42
12.0 35
13.0 43
14.0 27
15.0 20
16.0 13
17.0 22
18.0 13
19.0 16
20.0 7
21.0 5
22.0 10
23.0 7
24.0 5
25.0 7
26.0 4
27.0 3
28.0 1
29.0 6
30.0 2
31.0 0
32.0 2
33.0 3
34.0 1
35.0 0
36.0 1
37.0 3
38.0 1
39.0 0
40.0 0
41.0 0
42.0 0
43.0 1
44.0 0
45.0 0
46.0 0
47.0 0
48.0 1
49.0 1
50.0 0
51.0 0
52.0 0
53.0 0
54.0 0
55.0 0
56.0 0
57.0 0
58.0 0
59.0 0
60.0 0
61.0 1
62.0 0
63.0 1
64.0 0
65.0 0
66.0 0
67.0 0
68.0 1
69.0 0
Total Contacts:570
Total Duration: 7191
