0.0 1
1.0 5
2.0 12
3.0 10
4.0 20
5.0 32
6.0 27
7.0 32
8.0 45
9.0 57
10.0 64
11.0 43
12.0 30
13.0 38
14.0 28
15.0 27
16.0 16
17.0 12
18.0 13
19.0 11
20.0 11
21.0 5
22.0 4
23.0 1
24.0 3
25.0 4
26.0 2
27.0 2
28.0 1
29.0 4
30.0 3
31.0 2
32.0 3
33.0 1
34.0 1
35.0 2
36.0 1
37.0 2
38.0 1
39.0 1
40.0 1
41.0 1
42.0 0
43.0 1
44.0 1
45.0 1
46.0 0
47.0 1
48.0 3
49.0 0
50.0 1
51.0 1
52.0 1
53.0 0
54.0 1
55.0 2
56.0 0
57.0 0
58.0 0
59.0 0
60.0 0
61.0 0
62.0 0
63.0 0
64.0 0
65.0 0
66.0 0
67.0 0
68.0 0
69.0 0
70.0 0
71.0 0
72.0 0
73.0 0
74.0 1
75.0 0
76.0 0
77.0 0
78.0 0
79.0 0
80.0 0
81.0 0
82.0 1
83.0 0
84.0 0
85.0 0
86.0 0
87.0 0
88.0 0
89.0 0
90.0 0
91.0 0
92.0 0
93.0 0
94.0 0
95.0 0
96.0 0
97.0 0
98.0 0
99.0 0
100.0 0
101.0 0
102.0 0
103.0 0
104.0 0
105.0 0
106.0 0
107.0 0
108.0 0
109.0 0
110.0 0
111.0 0
112.0 0
113.0 0
114.0 0
115.0 0
116.0 0
117.0 1
118.0 0
Total Contacts:595
Total Duration: 7649
