0.0 1
1.0 4
2.0 8
3.0 16
4.0 16
5.0 22
6.0 31
7.0 34
8.0 42
9.0 50
10.0 36
11.0 35
12.0 32
13.0 24
14.0 25
15.0 22
16.0 12
17.0 17
18.0 8
19.0 13
20.0 8
21.0 4
22.0 6
23.0 4
24.0 8
25.0 2
26.0 6
27.0 1
28.0 4
29.0 1
30.0 1
31.0 1
32.0 4
33.0 1
34.0 1
35.0 1
36.0 0
37.0 3
38.0 2
39.0 0
40.0 1
41.0 0
42.0 0
43.0 1
44.0 1
45.0 0
46.0 1
47.0 0
48.0 0
49.0 0
50.0 0
51.0 0
52.0 0
53.0 1
54.0 0
55.0 0
56.0 0
57.0 0
58.0 0
59.0 0
60.0 1
61.0 0
62.0 0
63.0 0
64.0 0
65.0 0
66.0 0
67.0 0
68.0 0
69.0 0
70.0 0
71.0 0
72.0 0
73.0 0
74.0 0
75.0 0
76.0 0
77.0 1
78.0 0
Total Contacts:513
Total Duration: 6320
