0.0 2
1.0 6
2.0 13
3.0 15
4.0 24
5.0 39
6.0 41
7.0 42
8.0 82
9.0 70
10.0 59
11.0 53
12.0 48
13.0 57
14.0 35
15.0 26
16.0 17
17.0 26
18.0 15
19.0 20
20.0 10
21.0 8
22.0 14
23.0 8
24.0 6
25.0 10
26.0 5
27.0 4
28.0 1
29.0 6
30.0 3
31.0 1
32.0 4
33.0 3
34.0 1
35.0 0
36.0 1
37.0 4
38.0 1
39.0 0
40.0 2
41.0 1
42.0 0
43.0 1
44.0 0
45.0 1
46.0 0
47.0 2
48.0 1
49.0 1
50.0 0
51.0 0
52.0 1
53.0 0
54.0 0
55.0 0
56.0 0
57.0 0
58.0 0
59.0 0
60.0 0
61.0 1
62.0 1
63.0 1
64.0 0
65.0 0
66.0 0
67.0 0
68.0 1
69.0 0
Total Contacts:794
Total Duration: 9932
