0.0 3
1.0 3
2.0 4
3.0 10
4.0 15
5.0 22
6.0 22
7.0 35
8.0 27
9.0 52
10.0 30
11.0 28
12.0 17
13.0 23
14.0 29
15.0 21
16.0 13
17.0 14
18.0 13
19.0 4
20.0 6
21.0 4
22.0 8
23.0 4
24.0 2
25.0 6
26.0 1
27.0 2
28.0 2
29.0 2
30.0 2
31.0 1
32.0 0
33.0 2
34.0 1
35.0 2
36.0 0
37.0 3
38.0 0
39.0 1
40.0 1
41.0 1
42.0 0
43.0 0
44.0 0
45.0 0
46.0 0
47.0 0
48.0 0
49.0 0
50.0 0
51.0 0
52.0 0
53.0 0
54.0 0
55.0 0
56.0 1
57.0 1
Total Contacts:438
Total Duration: 5329
