0.0 1
1.0 6
2.0 9
3.0 12
4.0 23
5.0 37
6.0 30
7.0 35
8.0 72
9.0 57
10.0 47
11.0 47
12.0 41
13.0 50
14.0 33
15.0 24
16.0 14
17.0 25
18.0 13
19.0 18
20.0 8
21.0 8
22.0 12
23.0 8
24.0 6
25.0 8
26.0 4
27.0 3
28.0 1
29.0 6
30.0 3
31.0 1
32.0 2
33.0 3
34.0 1
35.0 0
36.0 1
37.0 4
38.0 1
39.0 0
40.0 0
41.0 1
42.0 0
43.0 1
44.0 0
45.0 0
46.0 0
47.0 0
48.0 1
49.0 1
50.0 0
51.0 0
52.0 1
53.0 0
54.0 0
55.0 0
56.0 0
57.0 0
58.0 0
59.0 0
60.0 0
61.0 1
62.0 0
63.0 1
64.0 0
65.0 0
66.0 0
67.0 0
68.0 1
69.0 0
Total Contacts:682
Total Duration: 8499
