0.0 1
1.0 0
2.0 3
3.0 2
4.0 4
5.0 7
6.0 4
7.0 6
8.0 7
9.0 10
10.0 11
11.0 7
12.0 10
13.0 9
14.0 5
15.0 1
16.0 1
17.0 3
18.0 2
19.0 0
20.0 1
21.0 2
22.0 0
23.0 0
24.0 1
25.0 0
26.0 1
27.0 0
28.0 0
29.0 0
30.0 0
31.0 0
32.0 1
33.0 2
34.0 0
35.0 0
36.0 0
37.0 0
38.0 0
39.0 0
40.0 0
41.0 1
42.0 1
43.0 0
44.0 0
45.0 0
46.0 0
47.0 0
48.0 0
49.0 0
50.0 0
51.0 0
52.0 0
53.0 0
54.0 1
55.0 0
56.0 0
57.0 1
58.0 0
Total Contacts:105
Total Duration: 1291
