0.0 97
1.0 305
2.0 597
3.0 1293
4.0 1060
5.0 463
6.0 347
7.0 423
8.0 90
9.0 62
10.0 53
11.0 39
12.0 23
13.0 24
14.0 16
15.0 20
16.0 8
17.0 15
18.0 7
19.0 7
20.0 10
21.0 8
22.0 7
23.0 4
24.0 3
25.0 1
26.0 1
27.0 2
28.0 6
29.0 1
30.0 5
31.0 0
32.0 1
33.0 2
34.0 1
35.0 4
36.0 2
37.0 1
38.0 1
39.0 0
40.0 1
41.0 1
42.0 2
43.0 0
44.0 1
45.0 1
46.0 0
47.0 1
48.0 0
49.0 0
50.0 0
51.0 0
52.0 1
53.0 0
54.0 1
55.0 0
56.0 0
57.0 0
58.0 1
59.0 0
60.0 2
61.0 0
62.0 1
63.0 0
64.0 0
65.0 0
66.0 0
67.0 1
68.0 0
69.0 0
70.0 0
71.0 1
72.0 0
73.0 0
74.0 0
75.0 0
76.0 0
77.0 0
78.0 0
79.0 0
80.0 1
81.0 0
82.0 1
83.0 0
84.0 0
85.0 0
86.0 0
87.0 0
88.0 0
89.0 0
90.0 0
91.0 0
92.0 0
93.0 0
94.0 1
95.0 1
96.0 0
97.0 0
98.0 0
99.0 0
100.0 0
101.0 1
102.0 0
103.0 0
104.0 0
105.0 0
106.0 0
107.0 0
108.0 0
109.0 0
110.0 0
111.0 0
112.0 0
113.0 0
114.0 0
115.0 0
116.0 0
117.0 1
118.0 0
Total Contacts:5030
Total Duration: 23878
