0.0 746
1.0 3358
2.0 2792
3.0 1762
4.0 357
5.0 137
6.0 83
7.0 52
8.0 41
9.0 16
10.0 19
11.0 24
12.0 17
13.0 8
14.0 11
15.0 13
16.0 7
17.0 6
18.0 8
19.0 3
20.0 4
21.0 1
22.0 1
23.0 4
24.0 1
25.0 0
26.0 5
27.0 1
28.0 3
29.0 2
30.0 5
31.0 3
32.0 5
33.0 2
34.0 1
35.0 2
36.0 0
37.0 0
38.0 0
39.0 0
40.0 0
41.0 1
42.0 1
43.0 0
44.0 0
45.0 0
46.0 1
47.0 0
48.0 0
49.0 1
50.0 0
51.0 0
52.0 0
53.0 0
54.0 0
55.0 0
56.0 0
57.0 0
58.0 1
59.0 0
60.0 0
61.0 0
62.0 0
63.0 0
64.0 1
65.0 0
66.0 0
67.0 0
68.0 0
69.0 0
70.0 0
71.0 0
72.0 0
73.0 0
74.0 1
75.0 0
Total Contacts:9507
Total Duration: 20686
