0.0 56
1.0 151
2.0 320
3.0 455
4.0 950
5.0 803
6.0 371
7.0 256
8.0 228
9.0 255
10.0 67
11.0 52
12.0 33
13.0 23
14.0 18
15.0 18
16.0 18
17.0 17
18.0 11
19.0 9
20.0 15
21.0 6
22.0 7
23.0 5
24.0 4
25.0 4
26.0 3
27.0 3
28.0 6
29.0 2
30.0 3
31.0 5
32.0 8
33.0 2
34.0 2
35.0 1
36.0 4
37.0 1
38.0 2
39.0 2
40.0 3
41.0 2
42.0 1
43.0 3
44.0 2
45.0 0
46.0 0
47.0 0
48.0 0
49.0 0
50.0 1
51.0 0
52.0 0
53.0 1
54.0 0
55.0 0
56.0 0
57.0 1
58.0 0
59.0 0
60.0 0
61.0 0
62.0 0
63.0 0
64.0 0
65.0 0
66.0 0
67.0 1
68.0 0
69.0 0
70.0 0
71.0 0
72.0 0
73.0 0
74.0 0
75.0 0
76.0 0
77.0 0
78.0 0
79.0 1
80.0 0
81.0 0
82.0 0
83.0 0
84.0 0
85.0 1
86.0 0
87.0 0
88.0 0
89.0 0
90.0 0
91.0 0
92.0 0
93.0 0
94.0 0
95.0 0
96.0 0
97.0 0
98.0 0
99.0 0
100.0 0
101.0 0
102.0 0
103.0 0
104.0 0
105.0 0
106.0 0
107.0 0
108.0 0
109.0 0
110.0 0
111.0 0
112.0 0
113.0 0
114.0 0
115.0 0
116.0 0
117.0 0
118.0 0
119.0 0
120.0 0
121.0 0
122.0 0
123.0 0
124.0 0
125.0 0
126.0 0
127.0 0
128.0 0
129.0 0
130.0 0
131.0 0
132.0 0
133.0 0
134.0 0
135.0 0
136.0 0
137.0 1
138.0 0
Total Contacts:4214
Total Duration: 24783
