0.0 266
1.0 883
2.0 2385
3.0 1359
4.0 721
5.0 740
6.0 145
7.0 94
8.0 59
9.0 47
10.0 34
11.0 21
12.0 16
13.0 11
14.0 20
15.0 8
16.0 8
17.0 5
18.0 6
19.0 8
20.0 6
21.0 3
22.0 5
23.0 2
24.0 4
25.0 4
26.0 5
27.0 1
28.0 2
29.0 2
30.0 1
31.0 1
32.0 3
33.0 1
34.0 1
35.0 1
36.0 1
37.0 1
38.0 1
39.0 0
40.0 0
41.0 1
42.0 1
43.0 2
44.0 0
45.0 0
46.0 0
47.0 0
48.0 0
49.0 1
50.0 0
51.0 0
52.0 0
53.0 0
54.0 0
55.0 0
56.0 0
57.0 0
58.0 0
59.0 0
60.0 1
61.0 1
62.0 0
63.0 0
64.0 1
65.0 0
66.0 0
67.0 1
68.0 1
Total Contacts:6891
Total Duration: 22230
